c ind 16 17 18 19 20 21 22 23 24 25 26 27 0
p cnf 47 80
1 0
-2 0
-3 0
-28 1 0
28 -1 0
-29 28 0
-29 -16 0
29 -28 16 0
-30 28 0
-30 -16 0
30 -28 16 0
-31 2 0
31 -2 0
-32 3 0
32 -3 0
-4 29 0
4 -29 0
-5 31 0
5 -31 0
-6 30 32 0
6 -30 0
6 -32 0
-33 4 0
33 -4 0
-32 31 0
-32 -19 0
32 -31 19 0
-33 31 0
-33 -19 0
33 -31 19 0
-36 5 0
36 -5 0
-37 6 0
37 -6 0
-7 34 0
7 -34 0
-8 36 0
8 -36 0
-9 35 37 0
9 -35 0
9 -37 0
-38 7 0
38 -7 0
-35 34 0
-35 -22 0
35 -34 22 0
-36 34 0
-36 -22 0
36 -34 22 0
-41 8 0
41 -8 0
-42 9 0
42 -9 0
-10 39 0
10 -39 0
-11 41 0
11 -41 0
-12 40 42 0
12 -40 0
12 -42 0
-43 10 0
43 -10 0
-38 37 0
-38 -25 0
38 -37 25 0
-39 37 0
-39 -25 0
39 -37 25 0
-46 11 0
46 -11 0
-47 12 0
47 -12 0
-13 44 0
13 -44 0
-14 46 0
14 -46 0
-15 45 47 0
15 -45 0
15 -47 0
2 5 8 11 14 0
