c ind 34 35 36 37 38 39 40 41 42 43 44 45 46 47 48 49 50 51 52 53 54 55 56 57 58 59 60 61 62 63 0
p cnf 123 229
1 0
-2 0
-3 0
-64 1 0
64 -1 0
-65 64 0
-65 -34 0
65 -64 34 0
-66 64 0
-66 34 0
66 -64 -34 0
-67 66 0
-67 -35 0
67 -66 35 0
-68 66 0
-68 35 0
68 -66 -35 0
-69 2 0
69 -2 0
-70 3 0
70 -3 0
-4 65 0
4 -65 0
-5 67 69 0
5 -67 0
5 -69 0
-6 68 70 0
6 -68 0
6 -70 0
-71 4 0
71 -4 0
-72 71 0
-72 -37 0
72 -71 37 0
-73 71 0
-73 37 0
73 -71 -37 0
-74 73 0
-74 -38 0
74 -73 38 0
-75 73 0
-75 38 0
75 -73 -38 0
-76 5 0
76 -5 0
-77 6 0
77 -6 0
-7 72 0
7 -72 0
-8 74 76 0
8 -74 0
8 -76 0
-9 75 77 0
9 -75 0
9 -77 0
-78 7 0
78 -7 0
-79 78 0
-79 -40 0
79 -78 40 0
-80 78 0
-80 40 0
80 -78 -40 0
-81 80 0
-81 -41 0
81 -80 41 0
-82 80 0
-82 41 0
82 -80 -41 0
-83 8 0
83 -8 0
-84 9 0
84 -9 0
-10 79 0
10 -79 0
-11 81 83 0
11 -81 0
11 -83 0
-12 82 84 0
12 -82 0
12 -84 0
-85 10 0
85 -10 0
-86 85 0
-86 -43 0
86 -85 43 0
-87 85 0
-87 43 0
87 -85 -43 0
-88 11 0
88 -11 0
-89 12 0
89 -12 0
-13 86 0
13 -86 0
-14 88 0
14 -88 0
-15 87 89 0
15 -87 0
15 -89 0
-90 13 0
90 -13 0
-91 90 0
-91 -46 0
91 -90 46 0
-92 90 0
-92 46 0
92 -90 -46 0
-93 92 0
-93 -47 0
93 -92 47 0
-94 92 0
-94 47 0
94 -92 -47 0
-95 14 0
95 -14 0
-96 15 0
96 -15 0
-16 91 0
16 -91 0
-17 93 95 0
17 -93 0
17 -95 0
-18 94 96 0
18 -94 0
18 -96 0
-97 16 0
97 -16 0
-98 97 0
-98 -49 0
98 -97 49 0
-99 97 0
-99 49 0
99 -97 -49 0
-100 99 0
-100 -50 0
100 -99 50 0
-101 99 0
-101 50 0
101 -99 -50 0
-102 17 0
102 -17 0
-103 18 0
103 -18 0
-19 98 0
19 -98 0
-20 100 102 0
20 -100 0
20 -102 0
-21 101 103 0
21 -101 0
21 -103 0
-104 19 0
104 -19 0
-105 104 0
-105 -52 0
105 -104 52 0
-106 104 0
-106 52 0
106 -104 -52 0
-107 20 0
107 -20 0
-108 21 0
108 -21 0
-22 105 0
22 -105 0
-23 107 0
23 -107 0
-24 106 108 0
24 -106 0
24 -108 0
-109 22 0
109 -22 0
-110 109 0
-110 -55 0
110 -109 55 0
-111 109 0
-111 55 0
111 -109 -55 0
-112 23 0
112 -23 0
-113 24 0
113 -24 0
-25 110 0
25 -110 0
-26 112 0
26 -112 0
-27 111 113 0
27 -111 0
27 -113 0
-114 25 0
114 -25 0
-115 114 0
-115 -58 0
115 -114 58 0
-116 114 0
-116 58 0
116 -114 -58 0
-117 26 0
117 -26 0
-118 27 0
118 -27 0
-28 115 0
28 -115 0
-29 117 0
29 -117 0
-30 116 118 0
30 -116 0
30 -118 0
-119 28 0
119 -28 0
-120 119 0
-120 -61 0
120 -119 61 0
-121 119 0
-121 61 0
121 -119 -61 0
-122 29 0
122 -29 0
-123 30 0
123 -30 0
-31 120 0
31 -120 0
-32 122 0
32 -122 0
-33 121 123 0
33 -121 0
33 -123 0
2 5 8 11 14 17 20 23 26 29 32 0
