c ind 11 12 13 14 0
p cnf 30 81
1 0
-2 0
-1 15 0
1 -15 0
-16 15 0
-16 -11 0
16 -15 11 0
-17 15 0
-17 11 0
17 -15 -11 0
-2 18 0
2 -18 0
-3 16 0
3 -16 0
-4 17 18 0
4 -17 0
4 -18 0
-3 19 0
3 -19 0
-20 19 0
-20 -12 0
20 -19 12 0
-21 19 0
-21 12 0
21 -19 -12 0
-4 22 0
4 -22 0
-5 16 20 0
5 -16 0
5 -20 0
-6 17 18 21 22 0
6 -17 0
6 -18 0
6 -21 0
6 -22 0
-5 23 0
5 -23 0
-24 23 0
-24 -13 0
24 -23 13 0
-25 23 0
-25 13 0
25 -23 -13 0
-6 26 0
6 -26 0
-7 16 20 24 0
7 -16 0
7 -20 0
7 -24 0
-8 17 18 21 22 25 26 0
8 -17 0
8 -18 0
8 -21 0
8 -22 0
8 -25 0
8 -26 0
-7 27 0
7 -27 0
-28 27 0
-28 -14 0
28 -27 14 0
-29 27 0
-29 14 0
29 -27 -14 0
-8 30 0
8 -30 0
-9 16 20 24 28 0
9 -16 0
9 -20 0
9 -24 0
9 -28 0
-10 17 18 21 22 25 26 29 30 0
10 -17 0
10 -18 0
10 -21 0
10 -22 0
10 -25 0
10 -26 0
10 -29 0
10 -30 0
2 4 6 8 10 0
