c ind 17 18 19 0
p cnf 49 137
1 0
-2 0
-3 0
-4 0
-1 20 0
1 -20 0
-21 20 0
-21 -17 0
21 -20 17 0
-22 20 0
-22 17 0
22 -20 -17 0
-2 23 0
2 -23 0
-24 23 0
-24 -17 0
24 -23 17 0
-25 23 0
-25 17 0
25 -23 -17 0
-3 26 0
3 -26 0
-27 26 0
-27 -17 0
27 -26 17 0
-28 26 0
-28 17 0
28 -26 -17 0
-4 29 0
4 -29 0
-5 0
-6 21 24 0
6 -21 0
6 -24 0
-7 22 27 0
7 -22 0
7 -27 0
-8 25 28 29 0
8 -25 0
8 -28 0
8 -29 0
-5 30 0
5 -30 0
-31 30 0
-31 -18 0
31 -30 18 0
-32 30 0
-32 18 0
32 -30 -18 0
-6 33 0
6 -33 0
-34 33 0
-34 -18 0
34 -33 18 0
-35 33 0
-35 18 0
35 -33 -18 0
-7 36 0
7 -36 0
-37 36 0
-37 -18 0
37 -36 18 0
-38 36 0
-38 18 0
38 -36 -18 0
-8 39 0
8 -39 0
-9 0
-10 21 24 31 34 0
10 -21 0
10 -24 0
10 -31 0
10 -34 0
-11 22 27 32 37 0
11 -22 0
11 -27 0
11 -32 0
11 -37 0
-12 25 28 29 35 38 39 0
12 -25 0
12 -28 0
12 -29 0
12 -35 0
12 -38 0
12 -39 0
-9 40 0
9 -40 0
-41 40 0
-41 -19 0
41 -40 19 0
-42 40 0
-42 19 0
42 -40 -19 0
-10 43 0
10 -43 0
-44 43 0
-44 -19 0
44 -43 19 0
-45 43 0
-45 19 0
45 -43 -19 0
-11 46 0
11 -46 0
-47 46 0
-47 -19 0
47 -46 19 0
-48 46 0
-48 19 0
48 -46 -19 0
-12 49 0
12 -49 0
-13 0
-14 21 24 31 34 41 44 0
14 -21 0
14 -24 0
14 -31 0
14 -34 0
14 -41 0
14 -44 0
-15 22 27 32 37 42 47 0
15 -22 0
15 -27 0
15 -32 0
15 -37 0
15 -42 0
15 -47 0
-16 25 28 29 35 38 39 45 48 49 0
16 -25 0
16 -28 0
16 -29 0
16 -35 0
16 -38 0
16 -39 0
16 -45 0
16 -48 0
16 -49 0
4 8 12 16 0
